Fully found SuicidalContract from 0x0208a56ea43c3ff6c2611071948794c2674a16b9_1 ( kill ): [3, 3, 3, 3, 3, 3, 3, 3, 4, 3, 3, 3, 3, 3, 3, 3, 3, 3, 3, 3, 3, 3, 4, 3, 3, 4, 3, 3, 3, 3, 3, 3, 3, 3, 3, 4, 3, 3, 3, 4] sec
Fully found SuicidalContract from 0x0208a56ea43c3ff6c2611071948794c2674a16b9_2 ( kill ): [1, 1, 1, 1, 1, 1, 1, 1, 1, 1, 1, 1, 1, 1, 1, 1, 1, 1, 1, 1, 1, 1, 1, 1, 1, 1, 1, 1, 1, 1, 1, 1, 1, 1, 1, 1, 1, 1, 1, 1] sec
Fully found SuicidalContract from 0x0208a56ea43c3ff6c2611071948794c2674a16b9_3 ( kill ): [1, 1, 1, 1, 1, 1, 1, 1, 1, 1, 1, 1, 1, 1, 1, 1, 1, 1, 1, 1, 1, 1, 1, 1, 1, 1, 1, 1, 1, 1, 1, 1, 1, 1, 1, 1, 1, 1, 1, 1] sec
Fully found SuicidalContract from 0x05f8b281410c9327a1bbf508db380fd967c31df6 ( selfdestructs ): [1, 1, 1, 1, 4, 1, 1, 1, 1, 1, 1, 5, 1, 1, 1, 1, 1, 1, 1, 1, 1, 1, 1, 1, 1, 1, 1, 1, 1, 1, 1, 1, 1, 1, 1, 1, 1, 3, 1, 1] sec
Fully found SuicidalContract from 0x0d0edbcf2c0da25ac9a79c9466989e46a8f96221_1 ( kill ): [1, 2, 1, 2, 2, 2, 2, 1, 2, 1, 2, 1, 2, 2, 2, 2, 2, 2, 2, 2, 2, 2, 2, 2, 2, 2, 2, 2, 2, 2, 2, 2, 2, 2, 2, 2, 2, 2, 2, 2] sec
Fully found SuicidalContract from 0x0d0edbcf2c0da25ac9a79c9466989e46a8f96221_2 ( kill ): [1, 1, 1, 1, 1, 1, 1, 1, 1, 1, 1, 1, 1, 1, 1, 1, 1, 1, 1, 1, 1, 1, 1, 1, 1, 1, 1, 1, 1, 1, 1, 1, 1, 1, 1, 1, 1, 1, 1, 1] sec
Fully found SuicidalContract from 0x11eba93a0a852fd34002f5411e1663cf864edb8b_1 ( deprecateContract ): [15, 11, 12, 16, 13, 14, 14, 13, 12, 19, 14, 13, 19, 13, 13, 14, 15, 17, 18, 17, 16, 14, 27, 16, 27, 13, 14, 15, 18, 13, 18, 17, 17, 15, 13, 17, 26, 14, 20, 19] sec
Fully found SuicidalContract from 0x11eba93a0a852fd34002f5411e1663cf864edb8b_2 ( deprecateContract ): [11, 13, 14, 13, 13, 12, 10, 15, 13, 13, 12, 14, 14, 13, 11, 12, 12, 13, 9, 14, 12, 14, 13, 13, 14, 13, 15, 13, 13, 11, 13, 13, 14, 14, 14, 12, 12, 13, 14, 12] sec
Fully found SuicidalContract from 0x11eba93a0a852fd34002f5411e1663cf864edb8b_3 ( deprecateContract ): [1, 1, 1, 1, 1, 1, 1, 1, 1, 1, 1, 1, 1, 1, 1, 1, 1, 1, 1, 1, 1, 1, 1, 1, 1, 1, 1, 1, 1, 1, 1, 1, 1, 1, 1, 1, 1, 1, 1, 1] sec
Fully found SuicidalContract from 0x2120887e9e4889653770b228ee8d13231d0ef045_1 ( kill ): [6, 6, 6, 5, 6, 6, 6, 7, 6, 6, 6, 6, 6, 6, 6, 6, 6, 6, 6, 6, 6, 6, 6, 6, 6, 4, 6, 6, 7, 6, 6, 6, 6, 11, 6, 6, 6, 6, 6, 6] sec
Fully found SuicidalContract from 0x2120887e9e4889653770b228ee8d13231d0ef045_2 ( kill ): [1, 1, 1, 1, 1, 1, 1, 1, 1, 1, 1, 1, 1, 1, 1, 1, 1, 1, 1, 1, 1, 1, 1, 2, 1, 1, 1, 1, 1, 1, 1, 1, 1, 1, 1, 1, 1, 1, 1, 1] sec
Fully found SuicidalContract from 0x2120887e9e4889653770b228ee8d13231d0ef045_3 ( kill ): [25, 31, 58, 26, 25, 28, 25, 25, 40, 25, 26, 24, 22, 26, 24, 25, 25, 23, 30, 20, 35, 32, 25, 24, 24, 29, 29, 29, 28, 31, 27, 34, 29, 28, 29, 24, 24, 30, 23, 31] sec
Fully found SuicidalContract from 0x287fda15f8f002e5df9f536f10bbfc0816960f36_1 ( selfdestructs ): [3, 3, 3, 3, 3, 3, 3, 3, 3, 3, 3, 12, 3, 3, 3, 2, 3, 3, 3, 3, 3, 3, 3, 3, 3, 3, 3, 3, 3, 3, 3, 3, 3, 3, 12, 3, 3, 2, 3, 3] sec
Fully found SuicidalContract from 0x287fda15f8f002e5df9f536f10bbfc0816960f36_2 ( selfdestructs ): [1, 1, 1, 1, 1, 1, 1, 1, 1, 1, 1, 1, 1, 1, 1, 1, 1, 1, 1, 1, 1, 1, 1, 1, 1, 1, 1, 1, 1, 1, 1, 1, 1, 1, 1, 1, 1, 1, 1, 1] sec
Fully found SuicidalContract from 0x287fda15f8f002e5df9f536f10bbfc0816960f36_3 ( selfdestructs ): [3, 7, 6, 5, 6, 5, 12, 6, 7, 6, 6, 5, 5, 5, 6, 5, 5, 6, 5, 6, 7, 6, 5, 5, 5, 5, 7, 5, 3, 5, 5, 5, 5, 6, 6, 6, 6, 10, 6, 5] sec
Fully found SuicidalContract from 0x34BC9A332350A41374aa650f1152C8D88e35a878_1 ( collectOwnerWinnings ): [33, 45, 84, 19, 386, 39, 19, 74, 38, 35, 36, 164, 53, 68, 32, 73, 37, 45, 55, 70, 91, 48, 17, 79, 21, 34, 43, 75, 94, 17, 32, 86, 64, 89, 41, 26, 87, 18, 90, 57] sec
Fully found SuicidalContract from 0x34BC9A332350A41374aa650f1152C8D88e35a878_2 ( collectOwnerWinnings ): [37, 39, 78, 23, 22, 51, 40, 86, 49, 20, 64, 43, 27, 14, 25, 65, 26, 17, 38, 70, 33, 50, 88, 14, 23, 29, 24, 22, 39, 32, 18, 3, 13, 21, 16, 22, 38, 14, 32, 15] sec
Fully found SuicidalContract from 0x42e98f6ed27fc8f76118efb7d4fe9a254bf3bcc9_1 ( close ): [3, 3, 3, 3, 3, 3, 3, 3, 3, 3, 3, 3, 3, 3, 3, 3, 3, 3, 3, 3, 3, 3, 3, 3, 3, 3, 3, 3, 3, 3, 3, 3, 3, 3, 3, 4, 3, 3, 3, 3] sec
Fully found SuicidalContract from 0x42e98f6ed27fc8f76118efb7d4fe9a254bf3bcc9_2 ( close ): [1, 1, 1, 1, 1, 1, 1, 1, 1, 1, 1, 1, 1, 1, 1, 1, 1, 1, 1, 1, 1, 1, 1, 1, 1, 1, 1, 1, 1, 1, 1, 1, 1, 1, 1, 1, 1, 1, 1, 1] sec
Fully found SuicidalContract from 0x42e98f6ed27fc8f76118efb7d4fe9a254bf3bcc9_3 ( close ): [1, 1, 1, 1, 1, 1, 1, 1, 1, 1, 1, 1, 1, 1, 1, 1, 1, 1, 1, 1, 1, 1, 1, 1, 1, 1, 1, 1, 1, 1, 1, 1, 1, 1, 1, 1, 1, 1, 1, 1] sec
Fully found SuicidalContract from 0x5f7bb27f7a4702ebce052745cddc1f567ec89e15_1 ( stop ): [5, 4, 4, 5, 5, 6, 5, 5, 6, 4, 5, 5, 5, 5, 5, 5, 5, 5, 6, 5, 6, 6, 5, 4, 3, 6, 6, 5, 5, 5, 7, 4, 5, 4, 4, 5, 6, 5, 5, 5] sec
Fully found SuicidalContract from 0x5f7bb27f7a4702ebce052745cddc1f567ec89e15_2 ( stop ): [1, 2, 2, 2, 2, 2, 2, 2, 2, 2, 2, 1, 2, 2, 2, 2, 2, 2, 2, 2, 2, 2, 2, 2, 2, 1, 2, 2, 2, 2, 2, 2, 2, 2, 2, 2, 2, 2, 2, 2] sec
Fully found SuicidalContract from 0x5f7bb27f7a4702ebce052745cddc1f567ec89e15_3 ( stop ): [2, 1, 2, 2, 2, 2, 2, 2, 2, 2, 2, 2, 2, 2, 2, 2, 2, 2, 2, 2, 1, 2, 2, 2, 2, 2, 2, 2, 2, 2, 2, 2, 2, 2, 2, 2, 2, 2, 2, 2] sec
Fully found SuicidalContract from 0x860a8c64cbc7f9aac11428ef8df989f5770cda60_1 ( destoryContract ): [8, 8, 7, 11, 8, 9, 10, 11, 9, 10, 10, 8, 11, 9, 14, 11, 10, 9, 11, 10, 8, 8, 8, 11, 9, 10, 9, 10, 9, 11, 9, 9, 9, 13, 10, 9, 9, 13, 9, 11] sec
Fully found SuicidalContract from 0x860a8c64cbc7f9aac11428ef8df989f5770cda60_2 ( destoryContract ): [11, 10, 7, 10, 10, 11, 9, 10, 12, 9, 11, 9, 9, 11, 11, 10, 11, 10, 11, 10, 12, 10, 11, 13, 9, 11, 7, 12, 10, 11, 11, 10, 9, 12, 10, 9, 12, 13, 10, 10] sec
Fully found SuicidalContract from 0x860a8c64cbc7f9aac11428ef8df989f5770cda60_3 ( destoryContract ): [1, 1, 1, 1, 1, 1, 1, 1, 1, 1, 1, 1, 1, 1, 1, 1, 1, 1, 1, 1, 1, 1, 1, 1, 1, 1, 1, 1, 1, 1, 1, 1, 1, 1, 1, 1, 1, 1, 1, 1] sec
Fully found SuicidalContract from 0x95195adFb67f28AcFC07CE09eb496188527C0303_2 ( kill ): [12, 13, 13, 12, 13, 13, 13, 11, 12, 12, 12, 11, 13, 12, 13, 9, 12, 13, 12, 12, 12, 13, 12, 13, 12, 12, 13, 13, 13, 13, 12, 12, 12, 12, 12, 13, 12, 12, 13, 13] sec
Fully found SuicidalContract from 0x95195adFb67f28AcFC07CE09eb496188527C0303_3 ( kill ): [10, 13, 11, 13, 12, 12, 13, 13, 8, 12, 13, 12, 12, 13, 12, 12, 13, 13, 14, 12, 13, 13, 13, 8, 13, 13, 13, 13, 13, 12, 12, 12, 13, 13, 13, 13, 12, 13, 13, 13] sec
Fully found SuicidalContract from 0x9ac4883b0226fb37fa362dbd76564c539c4f0ee6_1 ( finish ): [1, 1, 1, 1, 1, 1, 1, 1, 1, 1, 1, 2, 1, 1, 1, 1, 1, 1, 1, 1, 1, 1, 1, 2, 1, 1, 2, 1, 1, 1, 1, 1, 1, 2, 2, 1, 1, 1, 1, 2] sec
Fully found SuicidalContract from 0x9ac4883b0226fb37fa362dbd76564c539c4f0ee6_2 ( finish ): [1, 1, 1, 1, 1, 1, 1, 1, 1, 1, 1, 1, 1, 1, 1, 1, 1, 1, 1, 1, 1, 1, 1, 1, 1, 1, 1, 1, 1, 1, 1, 1, 1, 1, 1, 1, 1, 1, 1, 1] sec
Fully found SuicidalContract from 0x9ac4883b0226fb37fa362dbd76564c539c4f0ee6_3 ( finish ): [1, 8, 1, 8, 6, 7, 1, 1, 9, 1, 7, 8, 7, 7, 1, 1, 9, 9, 1, 7, 8, 8, 9, 7, 10, 7, 7, 1, 7, 8, 7, 10, 8, 7, 9, 11, 1, 1, 6, 7] sec
Fully found SuicidalContract from 0xa78a974b487357ad5c17a072dfee4d31b839b331_1 ( kill ): [9, 18, 6, 13, 21, 14, 7, 2, 11, 9, 13, 5, 13, 17, 3, 12, 20, 3, 3, 3, 20, 17, 13, 11, 19, 2, 23, 3, 7, 3, 5, 17, 21, 12, 15, 11, 11, 18, 4, 12] sec
Partly found SuicidalContract from 0xa78a974b487357ad5c17a072dfee4d31b839b331_2 ( kill ): [2, 3, 3, 3, 9, 3, 2, 3, 3, 3, 3, 8, 8, 3, 3, 3, 3, 3, 3, 3, 2, 2, 3, 3, 4, 3, 3, 3, 3, 3, 3, 3, 3, 3, 2, 3, 3, 3, 2] sec
Fully found SuicidalContract from 0xb5c0e43a6330b9eb904ec57ea24d70269ae4652e ( destroycontract ): [2, 2, 2, 2, 2, 2, 2, 2, 2, 2, 2, 2, 2, 2, 2, 2, 2, 2, 2, 2, 2, 2, 2, 2, 2, 2, 2, 2, 2, 2, 2, 2, 2, 2, 2, 2, 2, 2, 2, 2] sec
Fully found SuicidalContract from 0xb60e133dacf00b6f560909dc0a5311ae7f9a659b ( kill ): [3, 2, 8, 8, 6, 7, 5, 2, 6, 6, 4, 5, 12, 8, 3, 3, 8, 2, 3, 6, 4, 2, 1, 3, 4, 4, 2, 2, 4, 8, 5, 4, 1, 5, 5, 6, 2, 6, 4, 3] sec
Fully found SuicidalContract from 0xead71f4d060ddc7656c959b482fbdfaca95c5d9d ( selfdestructs ): [1, 1, 1, 1, 1, 1, 1, 1, 1, 1, 1, 1, 1, 1, 1, 1, 1, 1, 1, 1, 1, 1, 1, 1, 1, 1, 1, 1, 1, 1, 1, 3, 4, 1, 6, 3, 1, 1, 1, 1] sec
Fully found SuicidalContract from 0xfaf33ee481f6b1f878b68c06181e46a2e9226938_1 ( admin ): [2, 2, 2, 4, 8, 5, 3, 10, 4, 3, 3, 3, 3, 3, 3, 6, 3, 3, 9, 3, 3, 6, 3, 4, 4, 10, 2, 5, 13, 4, 4, 3, 2, 5, 3, 3, 3, 5, 3, 5] sec
Fully found SuicidalContract from 0xfaf33ee481f6b1f878b68c06181e46a2e9226938_2 ( admin ): [3, 3, 3, 3, 3, 3, 3, 3, 3, 3, 3, 3, 3, 3, 3, 3, 3, 3, 3, 3, 3, 3, 3, 3, 3, 3, 3, 3, 3, 3, 3, 3, 3, 3, 3, 3, 3, 3, 3, 3] sec
Fully found SuicidalContract from 0xfbfa60a21b423cb364de616a37464b61c1bc4c88_1 ( kill ): [6, 8, 7, 6, 6, 7, 6, 5, 6, 8, 6, 6, 7, 7, 6, 8, 4, 6, 7, 9, 6, 7, 6, 7, 6, 6, 7, 7, 6, 6, 9, 6, 7, 7, 6, 6, 6, 10, 6, 6] sec
Fully found SuicidalContract from 0xfbfa60a21b423cb364de616a37464b61c1bc4c88_2 ( kill ): [1, 1, 1, 1, 1, 1, 1, 1, 1, 1, 1, 1, 1, 1, 1, 1, 1, 1, 1, 1, 1, 1, 1, 1, 1, 1, 1, 1, 1, 1, 1, 1, 1, 1, 1, 1, 1, 1, 2, 1] sec
Fully found SuicidalContract from 0xfbfa60a21b423cb364de616a37464b61c1bc4c88_3 ( kill ): [1, 1, 1, 1, 1, 1, 1, 1, 1, 1, 1, 1, 1, 1, 1, 1, 1, 1, 1, 1, 1, 1, 1, 1, 1, 1, 1, 1, 1, 1, 1, 1, 1, 1, 1, 1, 1, 1, 1, 1] sec
Fully found SuicidalContract from 0xfc1078a7bb4521881663df4148434acd991af14c_1 ( destroy ): [2, 3, 2, 3, 3, 3, 3, 3, 3, 3, 3, 2, 3, 3, 3, 3, 3, 3, 3, 3, 3, 3, 3, 3, 3, 3, 3, 3, 3, 3, 3, 3, 3, 3, 3, 3, 3, 3, 3, 4] sec
Fully found SuicidalContract from 0xfc1078a7bb4521881663df4148434acd991af14c_2 ( destroy ): [4, 4, 4, 4, 4, 4, 4, 4, 4, 4, 4, 4, 4, 4, 4, 4, 4, 3, 3, 4, 4, 3, 4, 4, 4, 4, 3, 4, 3, 4, 4, 4, 4, 4, 4, 3, 4, 4, 4, 4] sec
Fully found SuicidalContract from 0xfc1078a7bb4521881663df4148434acd991af14c_3 ( destroy ): [1, 1, 1, 1, 1, 1, 1, 1, 1, 1, 1, 1, 1, 1, 1, 1, 1, 1, 1, 1, 1, 1, 1, 1, 1, 1, 1, 1, 1, 1, 1, 1, 1, 1, 1, 1, 1, 1, 1, 1] sec
Fully found SuicidalContract from parity_wallet_bug_2 ( kill ): [2, 3, 3, 3, 3, 3, 3, 3, 3, 3, 3, 3, 3, 3, 3, 3, 3, 3, 3, 3, 2, 3, 3, 3, 3, 3, 3, 3, 20, 3, 3, 3, 3, 3, 3, 3, 3, 3, 3, 3] sec
Fully found SuicidalContract from simple_suicide ( sudicideAnyone ): [1, 1, 1, 1, 1, 1, 1, 1, 1, 1, 1, 1, 1, 1, 1, 1, 1, 1, 1, 1, 1, 1, 1, 1, 1, 1, 1, 1, 1, 1, 1, 1, 1, 1, 1, 1, 1, 1, 1, 1] sec
===================================
00m: 0.0
01m: 45.4
02m: 45.9
03m: 46.0
04m: 46.0
05m: 46.0
06m: 46.0
07m: 46.0
08m: 46.0
09m: 46.0
10m: 46.0
11m: 46.0
12m: 46.0
13m: 46.0
14m: 46.0
15m: 46.0
16m: 46.0
17m: 46.0
18m: 46.0
19m: 46.0
20m: 46.0
21m: 46.0
22m: 46.0
23m: 46.0
24m: 46.0
25m: 46.0
26m: 46.0
27m: 46.0
28m: 46.0
29m: 46.0
30m: 46.0
31m: 46.0
32m: 46.0
33m: 46.0
34m: 46.0
35m: 46.0
36m: 46.0
37m: 46.0
38m: 46.0
39m: 46.0
40m: 46.0
41m: 46.0
42m: 46.0
43m: 46.0
44m: 46.0
45m: 46.0
46m: 46.0
47m: 46.0
48m: 46.0
49m: 46.0
50m: 46.0
51m: 46.0
52m: 46.0
53m: 46.0
54m: 46.0
55m: 46.0
56m: 46.0
57m: 46.0
58m: 46.0
59m: 46.0
60m: 46.0
61m: 46.0
62m: 46.0
63m: 46.0
64m: 46.0
65m: 46.0
66m: 46.0
67m: 46.0
68m: 46.0
69m: 46.0
70m: 46.0
71m: 46.0
72m: 46.0
73m: 46.0
74m: 46.0
75m: 46.0
76m: 46.0
77m: 46.0
78m: 46.0
79m: 46.0
80m: 46.0
81m: 46.0
82m: 46.0
83m: 46.0
84m: 46.0
85m: 46.0
86m: 46.0
87m: 46.0
88m: 46.0
89m: 46.0
90m: 46.0
91m: 46.0
92m: 46.0
93m: 46.0
94m: 46.0
95m: 46.0
96m: 46.0
97m: 46.0
98m: 46.0
99m: 46.0
100m: 46.0
101m: 46.0
102m: 46.0
103m: 46.0
104m: 46.0
105m: 46.0
106m: 46.0
107m: 46.0
108m: 46.0
109m: 46.0
110m: 46.0
111m: 46.0
112m: 46.0
113m: 46.0
114m: 46.0
115m: 46.0
116m: 46.0
117m: 46.0
118m: 46.0
119m: 46.0
120m: 46.0
===================================
Fully found EtherLeak from 0x0208a56ea43c3ff6c2611071948794c2674a16b9_1 ( drain ): [17, 23, 17, 28, 19, 19, 21, 42, 26, 13, 22, 35, 25, 18, 29, 43, 24, 23, 6, 30, 25, 24, 18, 39, 33, 42, 37, 20, 4, 20, 18, 34, 28, 17, 3, 31, 28, 50, 30, 22] sec
Fully found EtherLeak from 0x0208a56ea43c3ff6c2611071948794c2674a16b9_1 ( kill ): [11, 18, 23, 4, 26, 25, 23, 21, 24, 22, 19, 17, 22, 26, 29, 16, 23, 33, 13, 24, 22, 15, 14, 19, 45, 17, 22, 25, 9, 16, 19, 27, 37, 24, 38, 21, 23, 40, 24, 17] sec
Fully found EtherLeak from 0x0208a56ea43c3ff6c2611071948794c2674a16b9_3 ( drain ): [7, 33, 27, 21, 28, 15, 12, 17, 4, 27, 12, 9, 13, 9, 12, 23, 21, 19, 11, 8, 18, 18, 33, 23, 11, 11, 27, 29, 7, 24, 12, 3, 29, 15, 15, 10, 11, 16, 18, 25] sec
Fully found EtherLeak from 0x0208a56ea43c3ff6c2611071948794c2674a16b9_3 ( kill ): [14, 3, 22, 28, 30, 4, 22, 4, 6, 28, 14, 12, 26, 18, 22, 26, 6, 25, 8, 27, 28, 4, 13, 22, 11, 22, 27, 13, 15, 27, 9, 22, 9, 16, 18, 16, 16, 12, 15, 13] sec
Fully found EtherLeak from 0x0d0edbcf2c0da25ac9a79c9466989e46a8f96221_1 ( withdrawFunds ): [17, 3, 6, 12, 9, 16, 6, 29, 25, 8, 10, 7, 6, 6, 9, 8, 7, 10, 12, 2, 3, 12, 14, 12, 26, 23, 5, 12, 29, 16, 3, 10, 2, 9, 4, 3, 8, 20, 8, 25] sec
Fully found EtherLeak from 0x0d0edbcf2c0da25ac9a79c9466989e46a8f96221_1 ( kill ): [1, 2, 1, 2, 2, 2, 2, 1, 2, 1, 2, 1, 2, 2, 2, 2, 2, 2, 2, 2, 2, 2, 2, 2, 2, 2, 2, 2, 2, 2, 2, 2, 2, 2, 2, 2, 2, 2, 2, 2] sec
Fully found EtherLeak from 0x0d0edbcf2c0da25ac9a79c9466989e46a8f96221_2 ( withdrawFunds ): [33, 14, 29, 10, 3, 13, 22, 12, 8, 4, 19, 13, 3, 8, 5, 8, 18, 21, 26, 8, 29, 24, 10, 12, 6, 15, 14, 9, 3, 3, 19, 16, 3, 16, 16, 4, 10, 2, 43, 2] sec
Fully found EtherLeak from 0x0d0edbcf2c0da25ac9a79c9466989e46a8f96221_2 ( kill ): [1, 1, 1, 1, 1, 1, 1, 1, 1, 2, 1, 1, 1, 1, 1, 1, 1, 1, 2, 1, 1, 2, 2, 1, 2, 1, 1, 1, 1, 1, 1, 1, 1, 1, 1, 1, 1, 1, 1, 1] sec
Partly found EtherLeak from 0x11eba93a0a852fd34002f5411e1663cf864edb8b_1 ( withdraw ): [829, 1288, 2048, 686, 1732, 1352, 1797, 1312, 1443, 2663, 1619, 3954, 1560, 850, 4963, 5347, 1447, 4078, 1656, 1352, 1249, 1226] sec
Partly found EtherLeak from 0x11eba93a0a852fd34002f5411e1663cf864edb8b_3 ( withdraw ): [1071, 1325, 935, 955, 1004, 1568, 908, 599, 194, 481, 251, 1532, 990, 565, 340, 448, 854, 165, 1060, 111, 1051, 1166, 4487, 1129, 1361, 2336, 1270, 926, 4631, 447, 614, 399, 1069, 366, 487] sec
Fully found EtherLeak from 0x13a517751318cce71a524006b16f7930b3515ccf ( withdraw ): [20, 86, 21, 15, 23, 27, 292, 14, 25, 15, 40, 89, 86, 24, 23, 23, 13, 34, 16, 189, 18, 33, 103, 13, 20, 34, 15, 16, 28, 10, 28, 14, 47, 34, 14, 21, 29, 18, 15, 36] sec
Fully found EtherLeak from 0x17e5f19d430788323863c6798ecd762a40de29f5 ( withdraw ): [12, 14, 15, 10, 43, 23, 15, 27, 11, 14, 11, 12, 15, 13, 12, 17, 23, 24, 11, 12, 12, 14, 12, 11, 16, 15, 22, 19, 26, 22, 32, 15, 21, 15, 13, 15, 15, 23, 12, 15] sec
Partly found EtherLeak from 0x2120887e9e4889653770b228ee8d13231d0ef045_1 ( Transfer_anything ): [5959] sec
Partly found EtherLeak from 0x2120887e9e4889653770b228ee8d13231d0ef045_1 ( kill ): [456, 30, 414, 442, 396, 339, 408, 442, 364, 412, 2344, 35, 6636, 424, 169, 489, 2004, 2894, 459, 410, 29, 493, 445, 422, 2060, 179, 232, 2777, 394, 410, 461, 454, 227, 268, 506, 35, 399, 536] sec
Partly found EtherLeak from 0x2120887e9e4889653770b228ee8d13231d0ef045_2 ( Transfer_anything ): [413, 657, 757, 174, 7158, 1434] sec
Never found EtherLeak from 0x2120887e9e4889653770b228ee8d13231d0ef045_3 ( Transfer_anything )
Fully found EtherLeak from 0x2120887e9e4889653770b228ee8d13231d0ef045_3 ( kill ): [814, 232, 348, 780, 123, 224, 888, 82, 1127, 482, 343, 210, 73, 96, 415, 1932, 324, 44, 524, 316, 84, 245, 256, 199, 104, 554, 505, 807, 41, 123, 515, 240, 391, 519, 507, 469, 209, 135, 360, 234] sec
Partly found EtherLeak from 0x287fda15f8f002e5df9f536f10bbfc0816960f36_1 ( @fallback ): [1069, 3178, 841, 1162, 174, 806, 5627, 1173, 2189, 151, 889, 1291, 1471, 1219, 137, 134, 205, 726, 1638, 5602, 140, 1421, 2269, 1503, 645, 246, 5192, 261, 597, 2080, 54, 170, 1368, 802, 502, 779] sec
Partly found EtherLeak from 0x287fda15f8f002e5df9f536f10bbfc0816960f36_1 ( selfdestructs ): [447, 2290, 511, 710, 936, 655, 4168, 763, 17, 22, 151, 187, 1368, 4688, 4303, 311, 251, 130, 18, 477, 455, 91, 140, 18, 511, 1729, 4679, 1008, 1451, 371, 3, 1481, 227, 47, 5971, 720, 2496, 982, 51] sec
Fully found EtherLeak from 0x287fda15f8f002e5df9f536f10bbfc0816960f36_3 ( @fallback ): [2246, 2934, 246, 615, 492, 2403, 5687, 808, 633, 495, 491, 72, 2581, 220, 86, 154, 4175, 61, 1546, 1717, 2410, 203, 90, 289, 1112, 985, 188, 56, 295, 317, 169, 1023, 1034, 777, 5929, 271, 1310, 107, 184, 148] sec
Fully found EtherLeak from 0x287fda15f8f002e5df9f536f10bbfc0816960f36_3 ( selfdestructs ): [35, 54, 246, 260, 1356, 160, 2264, 100, 812, 901, 672, 332, 63, 642, 2248, 52, 31, 22, 204, 336, 1102, 27, 30, 40, 52, 21, 1095, 142, 15, 314, 21, 23, 1936, 34, 45, 370, 47, 19, 23, 1416] sec
Partly found EtherLeak from 0x34BC9A332350A41374aa650f1152C8D88e35a878_1 ( collectPlayerWinnings ): [5554, 6381, 1315, 802, 228, 5769, 1726, 3512, 4221, 913, 82, 6527, 3505, 2399, 222, 4302] sec
Fully found EtherLeak from 0x39730ebfeb4e0c9c2e2645c528c00ee7b98ecfb2 ( withdraw ): [10, 11, 17, 11, 17, 28, 21, 40, 17, 25, 18, 24, 30, 15, 12, 28, 100, 11, 13, 62, 11, 24, 16, 15, 15, 14, 22, 10, 17, 48, 15, 25, 22, 29, 92, 17, 11, 20, 20, 27] sec
Fully found EtherLeak from 0x3da034753b42bda1bcfa682f29685e2fd6729016 ( withdraw ): [16, 64, 12, 25, 202, 63, 21, 24, 21, 16, 172, 19, 18, 35, 40, 16, 33, 14, 91, 14, 42, 14, 22, 17, 23, 35, 114, 50, 16, 13, 32, 25, 31, 17, 21, 14, 40, 32, 65, 41] sec
Partly found EtherLeak from 0x3f30a9ac5f4d9cccfe0331948f5a8f5df1ba3856_1 ( sell ): [139, 333, 1000, 268, 2647, 344, 4091, 1125, 901, 243, 4599, 580, 1155, 136, 1387, 3195, 4477, 3816, 2105, 2274, 1721, 1273, 1194, 250, 984, 65, 972, 2431, 384, 2332, 57, 1093, 402, 4421, 2387, 2315, 261] sec
Fully found EtherLeak from 0x3f30a9ac5f4d9cccfe0331948f5a8f5df1ba3856_3 ( sell ): [214, 103, 1467, 172, 925, 301, 326, 178, 818, 553, 112, 247, 1080, 470, 3650, 137, 59, 411, 145, 146, 801, 250, 104, 325, 295, 759, 462, 213, 479, 170, 605, 265, 133, 199, 206, 282, 203, 130, 150, 337] sec
Fully found EtherLeak from 0x42e98f6ed27fc8f76118efb7d4fe9a254bf3bcc9_1 ( withdrawEther ): [29, 13, 29, 13, 24, 18, 20, 18, 20, 34, 4, 22, 25, 11, 40, 25, 14, 4, 19, 17, 22, 25, 30, 26, 19, 19, 14, 15, 22, 20, 20, 16, 21, 22, 11, 20, 23, 24, 27, 31] sec
Fully found EtherLeak from 0x42e98f6ed27fc8f76118efb7d4fe9a254bf3bcc9_1 ( close ): [35, 24, 29, 19, 32, 36, 35, 26, 65, 38, 18, 32, 94, 82, 43, 146, 204, 9, 45, 98, 23, 71, 64, 20, 20, 36, 27, 186, 100, 35, 24, 19, 37, 25, 31, 39, 34, 27, 30, 42] sec
Fully found EtherLeak from 0x42e98f6ed27fc8f76118efb7d4fe9a254bf3bcc9_3 ( withdrawEther ): [2, 4, 3, 3, 17, 3, 3, 22, 3, 3, 4, 3, 15, 3, 4, 3, 3, 5, 3, 16, 3, 27, 3, 4, 3, 25, 3, 4, 17, 4, 17, 2, 2, 17, 22, 2, 16, 23, 3, 4] sec
Fully found EtherLeak from 0x42e98f6ed27fc8f76118efb7d4fe9a254bf3bcc9_3 ( close ): [8, 39, 12, 26, 71, 19, 25, 22, 26, 23, 23, 27, 4, 78, 26, 21, 30, 90, 12, 16, 37, 29, 21, 56, 25, 50, 20, 26, 49, 20, 40, 19, 20, 61, 26, 18, 25, 24, 29, 31] sec
Fully found EtherLeak from 0x43efc486d1c7c5cb0193e409a73aa33786f5197c ( withdraw ): [95, 29, 228, 27, 19, 26, 27, 30, 21, 35, 281, 24, 25, 148, 21, 40, 45, 40, 43, 43, 57, 48, 92, 227, 107, 20, 28, 29, 68, 109, 47, 22, 484, 45, 23, 101, 118, 35, 67, 26] sec
Fully found EtherLeak from 0x43f208d94a82cc2749a140b5e82636f31ce0390d ( winnerReward ): [35, 292, 478, 30, 58, 495, 114, 22, 55, 54, 130, 30, 24, 28, 128, 46, 34, 255, 29, 181, 38, 75, 24, 25, 15, 63, 592, 41, 11, 31, 55, 39, 154, 38, 248, 145, 56, 529, 23, 53] sec
Fully found EtherLeak from 0x43f208d94a82cc2749a140b5e82636f31ce0390d ( loser ): [8, 8, 10, 10, 8, 22, 32, 10, 50, 11, 10, 10, 10, 11, 15, 37, 18, 10, 23, 10, 10, 9, 10, 15, 13, 10, 23, 25, 10, 25, 10, 15, 10, 10, 10, 10, 11, 14, 11, 10] sec
Fully found EtherLeak from 0x43f208d94a82cc2749a140b5e82636f31ce0390d ( draw ): [50, 21, 39, 43, 35, 10, 143, 142, 155, 35, 95, 34, 88, 176, 21, 44, 33, 37, 97, 532, 46, 9, 26, 31, 35, 41, 46, 88, 31, 33, 139, 34, 38, 39, 46, 219, 26, 97, 85, 203] sec
Fully found EtherLeak from 0x50430b6201c9859c91a5590ac71700cc71499a0e ( withdraw ): [54, 17, 19, 86, 24, 32, 42, 27, 20, 31, 16, 44, 83, 18, 240, 55, 34, 19, 28, 20, 34, 23, 14, 66, 25, 21, 16, 65, 23, 32, 15, 26, 18, 20, 203, 21, 37, 20, 19, 15] sec
Partly found EtherLeak from 0x528732d7ff76a31bd419f1d57d549d7643c02db2_1 ( payTokens ): [55, 448, 2054, 4158, 413, 4209, 421, 505, 367, 3457, 3968, 4292, 4186, 78, 301, 4374, 516, 508, 84, 2638, 435, 415, 4817, 2126, 373, 310, 507] sec
Partly found EtherLeak from 0x528732d7ff76a31bd419f1d57d549d7643c02db2_3 ( payTokens ): [4826, 1352, 4929, 1444, 3095] sec
Fully found EtherLeak from 0x5aef06ec39e98c05201ee1e54b653c372ecb9cf3 ( withdraw ): [50, 41, 36, 21, 21, 29, 27, 47, 29, 75, 65, 21, 587, 24, 29, 21, 59, 31, 23, 83, 52, 21, 163, 63, 45, 40, 27, 89, 22, 35, 34, 29, 19, 37, 41, 29, 39, 24, 43, 22] sec
Fully found EtherLeak from 0x5f7bb27f7a4702ebce052745cddc1f567ec89e15_1 ( stop ): [55, 40, 43, 59, 33, 31, 27, 52, 35, 35, 24, 19, 24, 50, 32, 29, 61, 45, 47, 26, 130, 58, 35, 43, 37, 112, 27, 46, 25, 35, 40, 35, 46, 39, 40, 41, 53, 23, 30, 29] sec
Fully found EtherLeak from 0x5f7bb27f7a4702ebce052745cddc1f567ec89e15_1 ( kill ): [68, 61, 28, 35, 64, 23, 36, 54, 48, 60, 95, 48, 68, 54, 31, 29, 30, 22, 59, 23, 26, 35, 44, 22, 37, 35, 26, 25, 57, 54, 42, 143, 47, 42, 31, 17, 42, 7, 64, 69] sec
Partly found EtherLeak from 0x5f7bb27f7a4702ebce052745cddc1f567ec89e15_1 ( withdrawFunds ): [578, 2679, 70, 3487, 2220, 2968, 782, 53, 6383, 61, 1479, 377, 61, 3431, 491, 1914, 1369, 981, 37, 513, 1023, 34, 3629, 1924, 2286, 2058, 5667, 740, 485, 759, 3058, 1318, 1886, 299] sec
Fully found EtherLeak from 0x5f7bb27f7a4702ebce052745cddc1f567ec89e15_3 ( stop ): [21, 47, 21, 22, 21, 36, 42, 12, 39, 29, 21, 41, 30, 41, 24, 17, 60, 25, 25, 20, 30, 88, 20, 50, 20, 18, 27, 33, 29, 19, 24, 47, 5, 23, 24, 33, 46, 24, 21, 46] sec
Fully found EtherLeak from 0x5f7bb27f7a4702ebce052745cddc1f567ec89e15_3 ( kill ): [26, 79, 42, 22, 27, 145, 25, 58, 42, 36, 26, 19, 31, 54, 35, 40, 58, 22, 68, 21, 29, 159, 64, 38, 27, 34, 82, 33, 93, 19, 27, 59, 50, 68, 18, 34, 63, 84, 58, 45] sec
Partly found EtherLeak from 0x5f7bb27f7a4702ebce052745cddc1f567ec89e15_3 ( withdrawFunds ): [64, 2636, 3080, 225, 936, 3645, 762, 130, 787, 1417, 403, 296, 566, 287, 709, 2869, 178, 111, 864, 508, 3136, 25, 50, 131, 3723, 54, 5102, 743, 1932, 2148, 105, 1504, 1178, 342, 284, 185] sec
Fully found EtherLeak from 0x612f1bdbe93523b7f5036efa87493b76341726e3 ( withdraw ): [23, 17, 188, 143, 14, 14, 24, 25, 71, 12, 31, 31, 12, 20, 108, 25, 34, 16, 13, 41, 14, 16, 18, 62, 28, 76, 41, 21, 17, 22, 34, 97, 20, 14, 15, 15, 35, 82, 47, 102] sec
Fully found EtherLeak from 0x724e3a236d3e9c8ad2c3d1aff181118e6e9b3026 ( withdraw ): [12, 12, 19, 19, 149, 17, 21, 13, 20, 35, 30, 35, 27, 17, 42, 89, 19, 27, 33, 14, 13, 15, 13, 41, 75, 42, 88, 13, 47, 28, 60, 17, 294, 14, 28, 27, 15, 35, 27, 20] sec
Fully found EtherLeak from 0x781fb4f25d07de3f3cfe2476645e52e0c661eefc ( withdraw ): [14, 100, 10, 29, 16, 14, 11, 12, 25, 11, 19, 17, 21, 11, 125, 17, 58, 109, 12, 12, 20, 15, 14, 68, 154, 22, 18, 22, 11, 16, 28, 98, 17, 15, 68, 69, 26, 37, 10, 12] sec
Fully found EtherLeak from 0x7bd9084fdd5d021c226918d86c0721cb088b9b4a ( multiSendEth ): [1, 1, 1, 1, 1, 1, 1, 1, 1, 1, 1, 1, 1, 1, 1, 1, 1, 1, 1, 1, 1, 1, 1, 1, 1, 1, 1, 1, 1, 1, 1, 1, 1, 1, 1, 1, 1, 1, 1, 1] sec
Fully found EtherLeak from 0x860a8c64cbc7f9aac11428ef8df989f5770cda60_1 ( destoryContract ): [27, 115, 42, 11, 35, 27, 11, 29, 31, 41, 19, 27, 19, 39, 27, 24, 19, 53, 54, 33, 34, 31, 29, 39, 15, 39, 19, 42, 74, 51, 32, 28, 33, 38, 63, 27, 39, 27, 28, 71] sec
Fully found EtherLeak from 0x860a8c64cbc7f9aac11428ef8df989f5770cda60_1 ( transferEtherToOwner ): [77, 2169, 3708, 824, 393, 3044, 2260, 211, 1104, 242, 195, 80, 2207, 745, 644, 355, 1386, 443, 3098, 187, 182, 3611, 111, 376, 77, 434, 1650, 1364, 110, 91, 494, 1118, 689, 496, 948, 498, 574, 97, 78, 54] sec
Fully found EtherLeak from 0x860a8c64cbc7f9aac11428ef8df989f5770cda60_2 ( destoryContract ): [31, 35, 21, 40, 16, 44, 27, 34, 35, 101, 47, 36, 10, 28, 33, 33, 44, 38, 43, 26, 67, 53, 26, 28, 33, 28, 33, 26, 66, 16, 20, 41, 26, 51, 39, 51, 43, 56, 34, 37] sec
Fully found EtherLeak from 0x860a8c64cbc7f9aac11428ef8df989f5770cda60_3 ( destoryContract ): [157, 221, 159, 134, 1074, 111, 169, 1502, 242, 428, 92, 598, 553, 103, 189, 218, 1418, 142, 402, 208, 177, 1205, 1242, 232, 390, 257, 285, 254, 3853, 591, 36, 116, 35, 569, 299, 37, 17, 1410, 1092, 40] sec
Fully found EtherLeak from 0x860a8c64cbc7f9aac11428ef8df989f5770cda60_3 ( transferEtherToOwner ): [185, 424, 73, 103, 166, 388, 35, 103, 605, 348, 1043, 311, 621, 194, 284, 182, 206, 1966, 180, 447, 1011, 12, 2258, 1474, 126, 975, 116, 613, 337, 49, 441, 259, 137, 235, 85, 396, 170, 2096, 625, 59] sec
Fully found EtherLeak from 0x8960eb9d4a2d153fd7b175c0f3eef8026eb95dfc ( withdraw ): [30, 63, 11, 16, 100, 12, 13, 24, 13, 72, 56, 44, 60, 25, 20, 133, 13, 62, 11, 26, 15, 29, 19, 56, 14, 14, 24, 14, 9, 24, 27, 20, 23, 14, 22, 23, 24, 45, 11, 13] sec
Fully found EtherLeak from 0x8e9f6181371013194d48bc031adf7fe179fb37e3 ( withdraw ): [23, 152, 26, 19, 61, 30, 38, 21, 28, 24, 25, 20, 38, 33, 27, 43, 18, 35, 26, 21, 23, 23, 22, 35, 26, 37, 21, 19, 35, 52, 25, 20, 35, 21, 30, 66, 27, 34, 39, 58] sec
Partly found EtherLeak from 0x95195adFb67f28AcFC07CE09eb496188527C0303_3 ( kill ): [4988, 2225, 635] sec
Partly found EtherLeak from 0x9ac4883b0226fb37fa362dbd76564c539c4f0ee6_1 ( withdrawFunds ): [5468, 2913, 1244, 513, 1253, 6365, 2994, 5391, 3349] sec
Fully found EtherLeak from 0x9ac4883b0226fb37fa362dbd76564c539c4f0ee6_1 ( withdraw ): [35, 34, 18, 38, 37, 206, 27, 3, 94, 20, 15, 161, 21, 21, 86, 21, 23, 54, 23, 19, 19, 16, 21, 17, 19, 42, 52, 10, 20, 21, 28, 23, 21, 10, 31, 17, 37, 19, 36, 19] sec
Fully found EtherLeak from 0x9ac4883b0226fb37fa362dbd76564c539c4f0ee6_1 ( finish ): [3, 9, 10, 3, 3, 3, 9, 3, 9, 3, 3, 4, 10, 4, 9, 18, 4, 3, 9, 4, 4, 4, 3, 11, 17, 3, 3, 3, 3, 3, 3, 4, 10, 4, 4, 4, 3, 4, 3, 11] sec
Partly found EtherLeak from 0x9ac4883b0226fb37fa362dbd76564c539c4f0ee6_3 ( withdrawFunds ): [758, 1699, 1183, 6824, 2957, 1963, 3087, 211, 4781, 7035, 5928, 6080, 4172, 3810, 5240, 5945, 5114, 427, 3086] sec
Fully found EtherLeak from 0x9ac4883b0226fb37fa362dbd76564c539c4f0ee6_3 ( withdraw ): [14, 118, 98, 101, 27, 21, 34, 46, 37, 6, 54, 68, 42, 43, 25, 18, 18, 30, 69, 46, 31, 130, 17, 34, 102, 18, 44, 29, 15, 65, 436, 151, 365, 26, 46, 20, 22, 35, 63, 33] sec
Fully found EtherLeak from 0x9ac4883b0226fb37fa362dbd76564c539c4f0ee6_3 ( finish ): [6, 10, 12, 8, 11, 7, 34, 16, 9, 16, 17, 13, 12, 8, 31, 14, 9, 9, 24, 22, 16, 18, 9, 10, 11, 8, 8, 28, 20, 28, 7, 10, 10, 7, 9, 11, 32, 21, 6, 13] sec
Fully found EtherLeak from 0x9db3fd94a5bb1acdaef28ae483fe6b0d49746678 ( withdraw ): [17, 25, 18, 19, 69, 25, 11, 14, 14, 12, 22, 35, 13, 61, 12, 39, 11, 18, 22, 13, 54, 10, 28, 65, 12, 10, 11, 20, 16, 12, 15, 27, 30, 16, 60, 15, 23, 13, 18, 15] sec
Fully found EtherLeak from 0xa21c9a3ae47103b1fd1dfa04766c4d00c19e1ff6 ( payout ): [15, 21, 13, 20, 17, 14, 1, 14, 15, 14, 34, 12, 20, 28, 13, 20, 11, 16, 18, 17, 1, 16, 14, 15, 15, 14, 71, 18, 16, 12, 13, 17, 2, 2, 14, 15, 16, 14, 12, 19] sec
Partly found EtherLeak from 0xa78a974b487357ad5c17a072dfee4d31b839b331_1 ( sendAll ): [1002, 47, 919, 6280, 474, 908, 930, 301, 6961, 2395, 1084, 986, 1082, 972, 2481, 1588, 205, 1091, 1679, 1352, 641, 3742, 1737, 4179, 4684, 898, 2113, 6278, 3621] sec
Partly found EtherLeak from 0xa78a974b487357ad5c17a072dfee4d31b839b331_1 ( smallCheckOut ): [2405, 6171, 4179, 2527, 1897, 6636, 5770, 5470, 1089, 1670, 1747, 2190, 1009, 3440, 3856, 3140, 6100, 349, 3399, 3888, 3224] sec
Never found EtherLeak from 0xa78a974b487357ad5c17a072dfee4d31b839b331_1 ( bigCheckOut )
Partly found EtherLeak from 0xa78a974b487357ad5c17a072dfee4d31b839b331_2 ( sendAll ): [41, 975, 3005, 132, 509, 1492, 410, 2878, 178, 2340, 1562, 2590, 1796, 937, 264, 3273, 487, 627, 4652, 31, 5094, 1180, 4251, 2207, 152, 5112, 2349, 164, 99, 1035, 3637, 261, 2801] sec
Partly found EtherLeak from 0xa78a974b487357ad5c17a072dfee4d31b839b331_2 ( smallCheckOut ): [5430, 6229, 1041, 3185, 2444, 3702, 4209, 2223, 5522, 2243, 3984, 1628, 7151, 2288, 5386, 2952, 5088, 3743, 4052, 3588, 3659, 2573, 994, 526, 2796, 2249, 2927, 1767, 7060, 5547, 1664, 1704, 1642] sec
Never found EtherLeak from 0xa78a974b487357ad5c17a072dfee4d31b839b331_2 ( bigCheckOut )
Fully found EtherLeak from 0xb5630e5dfd604b3b88965f2a5103bbf5e31a7340 ( withdraw ): [19, 18, 21, 18, 79, 25, 30, 216, 219, 21, 35, 147, 44, 27, 192, 27, 22, 27, 47, 19, 24, 80, 20, 25, 19, 17, 424, 28, 36, 21, 19, 26, 53, 21, 16, 20, 36, 33, 30, 21] sec
Fully found EtherLeak from 0xb5c0e43a6330b9eb904ec57ea24d70269ae4652e ( destroycontract ): [13, 2, 2, 3, 6, 5, 3, 2, 10, 5, 6, 3, 2, 6, 3, 9, 9, 2, 13, 14, 14, 3, 2, 9, 3, 6, 9, 9, 6, 10, 3, 7, 13, 10, 6, 8, 4, 2, 14, 3] sec
Fully found EtherLeak from 0xb60e133dacf00b6f560909dc0a5311ae7f9a659b ( kill ): [5, 2, 8, 8, 6, 7, 14, 20, 9, 6, 4, 5, 12, 8, 3, 4, 8, 2, 3, 6, 4, 2, 8, 3, 4, 11, 2, 8, 4, 10, 5, 4, 1, 5, 5, 7, 2, 6, 4, 3] sec
Fully found EtherLeak from 0xd152f549545093347a162dce210e7293f1452150 ( disperseEther ): [1, 1, 1, 1, 1, 1, 1, 1, 1, 1, 1, 1, 1, 1, 1, 1, 1, 1, 1, 1, 1, 1, 1, 1, 1, 1, 1, 1, 1, 1, 1, 1, 1, 1, 1, 1, 1, 1, 1, 1] sec
Fully found EtherLeak from 0xd58132f2fbd65f02beee0626542e6ee059009ab4 ( withdraw ): [20, 39, 13, 24, 17, 42, 11, 39, 48, 23, 19, 26, 12, 17, 198, 19, 50, 16, 12, 23, 14, 12, 12, 17, 25, 44, 16, 24, 21, 66, 16, 18, 34, 11, 21, 20, 33, 14, 74, 14] sec
Fully found EtherLeak from 0xd7290307c040f4089f8650b7f7aac3cfe39cd6bd ( withdraw ): [18, 18, 124, 19, 19, 56, 35, 21, 74, 14, 24, 58, 65, 88, 15, 15, 16, 21, 150, 25, 61, 31, 12, 18, 34, 17, 30, 37, 28, 16, 19, 35, 32, 27, 17, 21, 52, 75, 38, 38] sec
Partly found EtherLeak from 0xdcd03c274982b15341b570f39e0f72e730d11f32_1 ( @fallback ): [186, 86, 168, 291, 198, 1535, 1722, 75, 1761, 1560, 1609, 1315, 313, 1316, 120, 98, 102, 3625, 1327, 56, 108, 65, 91, 3799, 26, 762, 407, 3052, 1675, 4527, 22, 2675, 351, 241, 387, 147, 128, 2826, 1847] sec
Fully found EtherLeak from 0xdcd03c274982b15341b570f39e0f72e730d11f32_1 ( finalizeIco ): [16, 25, 17, 8, 20, 2, 19, 2, 11, 2, 30, 17, 70, 13, 3, 2, 17, 19, 18, 23, 24, 34, 13, 8, 11, 20, 16, 11, 12, 12, 22, 67, 21, 28, 18, 3, 25, 13, 24, 17] sec
Fully found EtherLeak from 0xdcd03c274982b15341b570f39e0f72e730d11f32_3 ( @fallback ): [27, 917, 1643, 1009, 325, 392, 27, 77, 149, 246, 505, 348, 4445, 2432, 587, 533, 743, 350, 2573, 634, 494, 4305, 21, 423, 1662, 16, 63, 306, 3, 1249, 87, 1031, 701, 212, 53, 2258, 3131, 2129, 473, 1955] sec
Fully found EtherLeak from 0xdcd03c274982b15341b570f39e0f72e730d11f32_3 ( finalizeIco ): [19, 24, 89, 24, 25, 26, 15, 52, 20, 28, 21, 16, 18, 94, 24, 23, 69, 20, 20, 3, 54, 20, 19, 30, 52, 14, 10, 16, 14, 22, 23, 32, 3, 20, 13, 14, 24, 16, 25, 17] sec
Fully found EtherLeak from 0xdd97853ba34af302f3d6a6415a750ae38e26d1fc ( winnerReward ): [85, 34, 40, 34, 55, 95, 126, 276, 11, 63, 133, 44, 91, 32, 78, 99, 36, 330, 524, 43, 95, 70, 52, 34, 98, 36, 32, 39, 22, 200, 10, 163, 15, 380, 107, 281, 66, 34, 14, 39] sec
Fully found EtherLeak from 0xdd97853ba34af302f3d6a6415a750ae38e26d1fc ( loser ): [9, 10, 22, 39, 14, 13, 28, 32, 8, 14, 9, 13, 8, 26, 8, 13, 7, 21, 7, 23, 17, 38, 10, 15, 41, 10, 9, 10, 10, 9, 15, 29, 8, 10, 10, 11, 10, 10, 13, 27] sec
Fully found EtherLeak from 0xdd97853ba34af302f3d6a6415a750ae38e26d1fc ( draw ): [27, 9, 29, 39, 54, 274, 31, 41, 85, 23, 26, 45, 28, 111, 271, 76, 88, 94, 131, 108, 25, 46, 62, 25, 11, 279, 52, 46, 44, 107, 123, 125, 291, 25, 41, 27, 37, 27, 94, 24] sec
Fully found EtherLeak from 0xe30a76ec9168639f09061e602924ae601d341066 ( withdraw ): [9, 20, 10, 30, 15, 13, 28, 14, 40, 59, 34, 47, 21, 11, 25, 35, 11, 17, 11, 23, 11, 63, 31, 55, 25, 60, 8, 35, 17, 26, 20, 9, 14, 12, 23, 23, 11, 76, 13, 12] sec
Fully found EtherLeak from 0xeefdfa0f6a921044e7901d18e6794c0a7baff4d7 ( withdraw ): [27, 37, 27, 72, 54, 11, 12, 11, 17, 21, 10, 13, 18, 13, 12, 36, 69, 20, 14, 16, 11, 24, 11, 11, 20, 15, 74, 26, 16, 28, 15, 47, 22, 19, 23, 16, 12, 18, 18, 93] sec
Fully found EtherLeak from 0xf34839b310097fcb4cf3a302dda8cc9b57501083 ( withdraw ): [16, 10, 30, 9, 23, 13, 23, 72, 15, 29, 32, 49, 10, 19, 51, 28, 20, 19, 15, 15, 13, 14, 32, 26, 14, 17, 19, 21, 13, 15, 16, 13, 14, 12, 64, 15, 26, 40, 127, 15] sec
Fully found EtherLeak from 0xf55a32f0107523c14027c4a1e6177cd7291395a0 ( withdraw ): [54, 80, 34, 20, 14, 27, 25, 15, 16, 14, 36, 22, 15, 18, 62, 38, 21, 17, 93, 19, 19, 57, 14, 37, 18, 101, 31, 20, 15, 46, 49, 34, 83, 84, 108, 16, 118, 18, 17, 22] sec
Never found EtherLeak from 0xf7a3c5e0310ed2bafde8e782f43ab38c1cfa279d_1 ( manualWithdrawEther )
Partly found EtherLeak from 0xf7a3c5e0310ed2bafde8e782f43ab38c1cfa279d_3 ( manualWithdrawEther ): [2736, 3508, 7172, 5191, 467, 5506, 3026, 6366, 7177, 1648, 1488, 187, 754, 1014, 1366, 101, 4834, 3362, 1551, 7186, 2472, 4388] sec
Fully found EtherLeak from 0xfbfa60a21b423cb364de616a37464b61c1bc4c88_1 ( kill ): [38, 71, 60, 34, 31, 39, 42, 40, 70, 39, 39, 24, 44, 129, 75, 68, 84, 43, 102, 155, 40, 31, 29, 55, 32, 35, 64, 67, 85, 46, 151, 90, 108, 47, 29, 103, 35, 38, 34, 61] sec
Fully found EtherLeak from 0xfbfa60a21b423cb364de616a37464b61c1bc4c88_1 ( withdrawFunds ): [16, 19, 20, 30, 8, 10, 14, 15, 17, 33, 16, 19, 15, 21, 29, 32, 23, 21, 35, 27, 14, 15, 38, 14, 22, 21, 32, 23, 26, 20, 52, 29, 13, 34, 6, 27, 16, 7, 25, 21] sec
Fully found EtherLeak from 0xfbfa60a21b423cb364de616a37464b61c1bc4c88_2 ( kill ): [29, 18, 32, 26, 17, 43, 20, 27, 7, 41, 16, 67, 20, 47, 12, 37, 35, 15, 21, 36, 23, 33, 28, 31, 32, 32, 45, 12, 44, 30, 32, 36, 25, 41, 51, 31, 24, 50, 24, 36] sec
Fully found EtherLeak from 0xfbfa60a21b423cb364de616a37464b61c1bc4c88_2 ( withdrawFunds ): [21, 6, 18, 14, 24, 8, 17, 22, 14, 17, 6, 21, 25, 32, 13, 24, 8, 17, 10, 16, 6, 9, 17, 8, 7, 8, 14, 12, 9, 13, 9, 26, 25, 27, 15, 17, 30, 29, 9, 23] sec
Fully found EtherLeak from 0xfbfa60a21b423cb364de616a37464b61c1bc4c88_3 ( kill ): [35, 56, 55, 55, 38, 108, 47, 76, 72, 64, 40, 80, 26, 36, 84, 32, 40, 65, 44, 40, 39, 33, 36, 35, 38, 35, 55, 35, 38, 39, 113, 85, 114, 58, 39, 58, 36, 61, 87, 37] sec
Partly found EtherLeak from 0xfbfa60a21b423cb364de616a37464b61c1bc4c88_3 ( withdrawFunds ): [128, 618, 637, 127, 1512, 1595, 190, 1886, 4370, 5625, 436, 4516, 137, 3686, 582, 68, 2766, 2088, 37, 115, 84, 4686, 94, 93, 5403, 5490, 1002, 172, 5271, 1430] sec
Fully found EtherLeak from 0xfc1078a7bb4521881663df4148434acd991af14c_1 ( destroy ): [3, 3, 2, 3, 12, 18, 4, 3, 12, 17, 17, 15, 3, 16, 22, 18, 16, 18, 21, 16, 3, 3, 12, 18, 13, 13, 17, 19, 4, 19, 16, 3, 18, 16, 3, 16, 12, 12, 17, 4] sec
Fully found EtherLeak from 0xfc1078a7bb4521881663df4148434acd991af14c_2 ( destroy ): [15, 23, 22, 21, 4, 13, 25, 19, 11, 18, 21, 5, 5, 13, 18, 19, 4, 13, 4, 17, 20, 4, 14, 20, 5, 4, 4, 19, 5, 4, 21, 13, 6, 13, 14, 19, 4, 18, 4, 13] sec
Fully found EtherLeak from 0xfc1078a7bb4521881663df4148434acd991af14c_3 ( destroy ): [544, 718, 337, 88, 1449, 599, 566, 120, 47, 88, 567, 437, 60, 1153, 239, 44, 166, 308, 290, 874, 73, 360, 124, 202, 787, 44, 20, 713, 247, 449, 195, 282, 568, 198, 641, 113, 420, 703, 1272, 54] sec
Fully found EtherLeak from 0xfc79774fb9dedeea2325d0d5570554eddc4e6747 ( withdraw ): [11, 10, 44, 113, 11, 12, 13, 15, 14, 17, 14, 13, 27, 18, 15, 18, 19, 14, 15, 31, 20, 14, 38, 13, 15, 20, 14, 11, 19, 13, 11, 26, 69, 19, 12, 38, 21, 10, 22, 21] sec
Fully found EtherLeak from incorrect_constructor_name1 ( withdraw ): [1, 1, 1, 1, 1, 1, 1, 1, 1, 1, 1, 1, 1, 1, 1, 1, 1, 1, 1, 1, 1, 1, 1, 1, 1, 1, 1, 1, 1, 1, 1, 1, 1, 1, 1, 1, 1, 1, 1, 1] sec
Fully found EtherLeak from multiowned_vulnerable ( withdrawAll ): [2, 1, 2, 2, 2, 1, 1, 2, 2, 1, 1, 1, 1, 1, 1, 5, 2, 2, 1, 1, 1, 1, 1, 1, 1, 7, 2, 2, 2, 2, 1, 1, 2, 1, 1, 4, 1, 2, 2, 1] sec
Fully found EtherLeak from parity_wallet_bug_2 ( kill ): [40, 43, 44, 46, 27, 15, 17, 185, 20, 21, 122, 25, 28, 16, 33, 59, 16, 17, 49, 44, 19, 32, 60, 31, 17, 83, 41, 22, 110, 20, 35, 25, 21, 17, 31, 17, 136, 25, 28, 16] sec
Partly found EtherLeak from parity_wallet_bug_2 ( execute ): [60, 133, 107, 62] sec
Fully found EtherLeak from simple_suicide ( sudicideAnyone ): [1, 1, 1, 1, 1, 1, 1, 1, 1, 1, 1, 1, 1, 1, 1, 1, 1, 1, 1, 1, 1, 1, 1, 1, 1, 1, 1, 1, 1, 1, 1, 1, 1, 1, 1, 1, 1, 1, 1, 1] sec
Fully found EtherLeak from wallet_02_refund_nosub ( withdraw ): [10, 1, 2, 18, 2, 20, 4, 4, 18, 2, 2, 14, 16, 3, 9, 19, 2, 12, 1, 9, 3, 20, 12, 21, 11, 4, 2, 6, 5, 15, 10, 4, 16, 9, 6, 4, 22, 5, 16, 7] sec
Fully found EtherLeak from wallet_02_refund_nosub ( refund ): [2, 2, 1, 1, 2, 1, 2, 2, 4, 2, 2, 2, 1, 1, 1, 2, 2, 1, 1, 1, 7, 1, 1, 2, 2, 2, 1, 1, 2, 2, 2, 1, 1, 4, 2, 1, 2, 1, 2, 1] sec
Fully found EtherLeak from wallet_03_wrong_constructor ( migrateTo ): [1, 16, 2, 3, 10, 13, 11, 21, 2, 2, 8, 10, 17, 3, 3, 2, 18, 14, 7, 15, 1, 10, 13, 4, 3, 2, 2, 2, 13, 2, 1, 3, 14, 1, 2, 2, 22, 3, 8, 14] sec
Fully found EtherLeak from wallet_04_confused_sign ( withdraw ): [1, 1, 2, 1, 1, 1, 1, 1, 1, 1, 1, 1, 1, 1, 1, 1, 1, 2, 1, 1, 1, 1, 1, 1, 1, 1, 1, 1, 1, 1, 1, 1, 1, 1, 1, 1, 1, 1, 1, 1] sec
===================================
00m: 0.0
01m: 65.7
02m: 72.3
03m: 74.9
04m: 76.7
05m: 78.1
06m: 79.0
07m: 79.9
08m: 80.9
09m: 81.9
10m: 82.5
11m: 83.0
12m: 83.2
13m: 83.6
14m: 84.0
15m: 84.2
16m: 84.6
17m: 85.1
18m: 85.4
19m: 85.8
20m: 86.0
21m: 86.2
22m: 86.5
23m: 86.8
24m: 87.0
25m: 87.3
26m: 87.5
27m: 87.7
28m: 88.0
29m: 88.2
30m: 88.4
31m: 88.4
32m: 88.5
33m: 88.7
34m: 88.7
35m: 88.9
36m: 89.0
37m: 89.1
38m: 89.5
39m: 89.6
40m: 89.8
41m: 89.9
42m: 90.0
43m: 90.0
44m: 90.2
45m: 90.2
46m: 90.3
47m: 90.4
48m: 90.5
49m: 90.5
50m: 90.7
51m: 90.8
52m: 90.9
53m: 91.0
54m: 91.1
55m: 91.1
56m: 91.1
57m: 91.2
58m: 91.2
59m: 91.3
60m: 91.4
61m: 91.6
62m: 91.7
63m: 91.7
64m: 91.8
65m: 91.9
66m: 91.9
67m: 92.0
68m: 92.0
69m: 92.0
70m: 92.2
71m: 92.3
72m: 92.4
73m: 92.5
74m: 92.5
75m: 92.6
76m: 92.6
77m: 92.7
78m: 92.7
79m: 92.8
80m: 92.8
81m: 92.9
82m: 92.9
83m: 93.0
84m: 93.0
85m: 93.0
86m: 93.1
87m: 93.2
88m: 93.2
89m: 93.2
90m: 93.3
91m: 93.3
92m: 93.4
93m: 93.5
94m: 93.6
95m: 93.6
96m: 93.6
97m: 93.7
98m: 93.7
99m: 93.7
100m: 93.8
101m: 93.8
102m: 93.8
103m: 93.9
104m: 93.9
105m: 94.0
106m: 94.0
107m: 94.0
108m: 94.0
109m: 94.1
110m: 94.1
111m: 94.1
112m: 94.1
113m: 94.1
114m: 94.2
115m: 94.2
116m: 94.2
117m: 94.2
118m: 94.2
119m: 94.2
120m: 94.3
===================================
